--- CAMPUS  ----
-110.9594035, 32.2359818
-110.9440613, 32.2359273
-110.9438038, 32.2277231
-110.9594250, 32.2277594
-110.9594035, 32.2359818
{
  "coordinates": [
    [
      [
        -110.9594035,
        32.2359818
      ],
      [
        -110.9440613,
        32.2359273
      ],
      [
        -110.9438038,
        32.2277231
      ],
      [
        -110.959425,
        32.2277594
      ],
      [
        -110.9594035,
        32.2359818
      ]
    ]
  ],
  "type": "LineString"
}

--- TUCSON MALL ---
-110.9782648, 32.2935721
-110.9781146, 32.2864977
-110.9696603, 32.2865522
-110.9698749, 32.2891280
-110.9782648, 32.2935721
{
  "coordinates": [
    [
      [
        -110.9782648,
        32.2935721
      ],
      [
        -110.9781146,
        32.2864977
      ],
      [
        -110.9696603,
        32.2865522
      ],
      [
        -110.9698749,
        32.289128
      ],
      [
        -110.9782648,
        32.2935721
      ]
    ]
  ],
  "type": "Polygon"
}


--- PARCK PLACE MALL ---
-110.8686161, 32.2215876
-110.8686161, 32.2170673
-110.8579946, 32.2170492
-110.8579731, 32.2212063
-110.8686161, 32.2215876
{
  "coordinates": [
    [
      [
        -110.8686161,
        32.2215876
      ],
      [
        -110.8686161,
        32.2170673
      ],
      [
        -110.8579946,
        32.2170492
      ],
      [
        -110.8579731,
        32.2212063
      ],
      [
        -110.8686161,
        32.2215876
      ]
    ]
  ],
  "type": "Polygon"
}

--- GOOD TIP POTENTIAL ---
-110.9272385, 32.3434215
-110.9598541, 32.3527029
-110.9577942, 32.2967100
-110.9179688, 32.2808923
-110.8201218, 32.2594106
-110.6736946, 32.2515714
-110.6721497, 32.2633299
-110.7131767, 32.2716035
-110.7162666, 32.3071569
-110.8245850, 32.3071569
-110.8261299, 32.3352995
-110.9272385, 32.3434215
{
  "coordinates": [
    [
      [
        -110.9272385,
        32.3434215
      ],
      [
        -110.9598541,
        32.3527029
      ],
      [
        -110.9577942,
        32.29671
      ],
      [
        -110.9179688,
        32.2808923
      ],
      [
        -110.8201218,
        32.2594106
      ],
      [
        -110.6736946,
        32.2515714
      ],
      [
        -110.6721497,
        32.2633299
      ],
      [
        -110.7131767,
        32.2716035
      ],
      [
        -110.7162666,
        32.3071569
      ],
      [
        -110.824585,
        32.3071569
      ],
      [
        -110.8261299,
        32.3352995
      ],
      [
        -110.9272385,
        32.3434215
      ]
    ]
  ],
  "type": "Polygon"
}